# unix_time, cycles_done, cur_path, paths_total, pending_total, pending_favs, map_size, unique_crashes, unique_hangs, max_depth, execs_per_sec
1738465463, 0, 0, 31, 31, 4, 1.68%, 0, 0, 1, 66.01
1738465468, 0, 4, 40, 40, 4, 1.69%, 0, 0, 2, 68.68
1738465473, 0, 4, 42, 42, 4, 1.72%, 0, 0, 2, 69.86
1738465483, 0, 4, 44, 44, 4, 1.72%, 0, 0, 2, 69.56
1738465499, 0, 4, 45, 45, 4, 1.72%, 0, 0, 2, 69.43
1738465509, 0, 4, 54, 54, 4, 3.47%, 0, 0, 2, 68.49
1738465514, 0, 4, 56, 56, 4, 3.47%, 0, 0, 2, 69.07
1738465524, 0, 4, 57, 57, 4, 3.47%, 0, 0, 2, 69.41
1738465535, 0, 4, 58, 58, 4, 3.47%, 0, 0, 2, 69.35
1738465545, 0, 4, 60, 60, 4, 3.48%, 0, 0, 2, 69.22
1738465550, 0, 4, 61, 61, 4, 3.48%, 0, 0, 2, 69.65
1738465555, 0, 4, 63, 63, 4, 3.48%, 0, 0, 2, 69.14
1738465570, 0, 4, 64, 64, 4, 3.48%, 0, 0, 2, 68.13
1738465575, 0, 4, 65, 65, 4, 3.48%, 0, 0, 2, 68.90
1738465585, 0, 4, 68, 68, 4, 3.48%, 0, 0, 2, 68.74
1738465595, 0, 4, 70, 70, 4, 3.48%, 0, 0, 2, 67.41
1738465651, 0, 4, 71, 71, 4, 3.48%, 0, 0, 2, 69.69
1738465661, 0, 4, 72, 72, 4, 3.49%, 0, 0, 2, 68.54
1738465748, 0, 33, 72, 71, 10, 3.49%, 0, 0, 2, 68.24
1738465789, 0, 33, 73, 72, 10, 3.49%, 0, 0, 3, 69.48
1738465804, 0, 41, 73, 71, 10, 3.49%, 0, 0, 3, 70.84
1738465835, 0, 46, 73, 70, 9, 3.49%, 0, 0, 3, 69.84
1738465845, 0, 50, 73, 69, 8, 3.49%, 0, 0, 3, 68.47
1738465855, 0, 51, 73, 68, 7, 3.49%, 0, 0, 3, 68.93
1738465860, 0, 51, 74, 69, 7, 3.49%, 0, 0, 3, 67.03
1738465876, 0, 52, 74, 68, 6, 3.49%, 0, 0, 3, 67.88
1738465911, 0, 56, 74, 67, 5, 3.49%, 0, 0, 3, 70.73
1738465926, 0, 58, 74, 66, 4, 3.49%, 0, 0, 3, 70.24
1738465957, 0, 59, 74, 65, 3, 3.49%, 0, 0, 3, 70.56
1738465962, 0, 59, 75, 66, 3, 3.49%, 0, 0, 3, 69.96
1738466125, 0, 69, 75, 65, 3, 3.49%, 0, 0, 3, 69.94
1738466197, 0, 71, 75, 64, 2, 3.49%, 0, 0, 3, 70.23
1738466207, 0, 72, 75, 63, 1, 3.49%, 0, 0, 3, 70.26
1738466212, 0, 72, 76, 64, 1, 3.49%, 0, 0, 4, 70.69
1738466217, 0, 72, 78, 66, 1, 3.50%, 0, 0, 4, 28.33
1738466222, 0, 72, 79, 67, 1, 3.50%, 0, 0, 4, 66.40
1738466248, 0, 72, 81, 69, 1, 3.50%, 0, 0, 4, 70.95
1738466253, 0, 72, 84, 72, 1, 3.50%, 0, 0, 4, 69.40
1738466258, 0, 72, 89, 77, 1, 3.51%, 0, 0, 4, 69.02
1738466263, 0, 72, 92, 80, 1, 3.51%, 0, 0, 4, 69.34
1738466269, 0, 72, 93, 81, 1, 3.52%, 0, 0, 4, 70.00
1738466274, 0, 72, 95, 83, 1, 3.53%, 0, 0, 4, 69.83
1738466279, 0, 72, 96, 84, 1, 3.53%, 0, 0, 4, 69.38
1738466289, 0, 72, 98, 86, 1, 3.53%, 0, 0, 4, 68.90
1738466325, 0, 72, 99, 87, 1, 3.53%, 0, 0, 4, 69.24
1738466335, 0, 72, 100, 88, 1, 3.53%, 0, 0, 4, 67.53
1738466382, 0, 72, 101, 89, 1, 3.53%, 0, 0, 4, 69.83
1738466387, 0, 72, 102, 90, 1, 3.53%, 0, 0, 4, 69.15
1738466407, 0, 72, 103, 91, 1, 3.53%, 0, 0, 4, 69.98
1738466412, 0, 72, 104, 92, 1, 3.53%, 0, 0, 4, 69.40
1738466443, 0, 72, 105, 93, 1, 3.53%, 0, 0, 4, 69.87
1738466448, 0, 72, 106, 94, 1, 3.54%, 0, 0, 4, 68.85
1738466469, 0, 72, 107, 95, 1, 3.54%, 0, 0, 4, 69.24
1738466489, 0, 77, 108, 95, 9, 3.54%, 0, 0, 4, 70.16
1738466499, 0, 77, 110, 97, 9, 3.54%, 0, 0, 5, 71.40
1738466530, 0, 77, 111, 98, 9, 3.54%, 0, 0, 5, 70.15
1738466541, 0, 77, 112, 99, 9, 3.54%, 0, 0, 5, 69.62
1738466546, 0, 77, 113, 100, 9, 3.54%, 0, 0, 5, 69.04
1738466551, 0, 77, 114, 101, 9, 3.54%, 0, 0, 5, 69.84
1738466561, 0, 77, 116, 103, 9, 3.54%, 0, 0, 5, 69.50
1738466571, 0, 77, 117, 104, 9, 3.54%, 0, 0, 5, 70.02
1738466586, 0, 77, 118, 105, 9, 3.54%, 0, 0, 5, 69.73
1738466617, 0, 77, 119, 106, 9, 3.54%, 0, 0, 5, 69.67
1738466632, 0, 77, 121, 108, 9, 3.54%, 0, 0, 5, 68.27
1738466663, 0, 77, 122, 109, 9, 3.54%, 0, 0, 5, 69.40
1738466668, 0, 77, 123, 110, 9, 3.54%, 0, 0, 5, 69.77
1738466703, 0, 77, 124, 111, 9, 3.54%, 0, 0, 5, 68.97
1738466724, 0, 77, 125, 112, 9, 3.54%, 0, 0, 5, 69.75
1738466770, 0, 78, 125, 111, 9, 3.54%, 0, 0, 5, 69.93
1738466811, 0, 78, 127, 113, 9, 3.54%, 0, 0, 5, 70.45
1738466816, 0, 78, 128, 114, 9, 3.54%, 0, 0, 5, 69.60
1738466826, 0, 78, 129, 115, 9, 3.54%, 0, 0, 5, 69.60
