# unix_time, cycles_done, cur_path, paths_total, pending_total, pending_favs, map_size, unique_crashes, unique_hangs, max_depth, execs_per_sec
1738383923, 0, 0, 20, 20, 4, 1.69%, 0, 0, 1, 67.28
1738383928, 0, 2, 22, 22, 4, 1.69%, 0, 0, 2, 68.44
1738383933, 0, 2, 24, 24, 4, 1.70%, 0, 0, 2, 68.57
1738383943, 0, 2, 26, 26, 4, 1.70%, 0, 0, 2, 70.03
1738383953, 0, 2, 27, 27, 4, 1.70%, 0, 0, 2, 69.60
1738384035, 0, 2, 28, 28, 4, 1.70%, 0, 0, 2, 70.23
1738384075, 0, 2, 37, 37, 4, 3.47%, 0, 0, 2, 68.03
1738384080, 0, 2, 39, 39, 4, 3.49%, 0, 0, 2, 69.38
1738384085, 0, 2, 40, 40, 4, 3.49%, 0, 0, 2, 70.63
1738384090, 0, 2, 41, 41, 4, 3.50%, 0, 0, 2, 71.31
1738384095, 0, 2, 42, 42, 4, 3.50%, 0, 0, 2, 71.11
1738384105, 0, 2, 43, 43, 4, 3.50%, 0, 0, 2, 71.03
1738384125, 0, 2, 44, 44, 4, 3.50%, 0, 0, 2, 70.84
1738384145, 0, 2, 46, 46, 4, 3.50%, 0, 0, 2, 70.74
1738384151, 0, 2, 47, 47, 4, 3.50%, 0, 0, 2, 71.12
1738384171, 0, 2, 48, 48, 4, 3.50%, 0, 0, 2, 69.87
1738384181, 0, 2, 49, 49, 4, 3.50%, 0, 0, 2, 70.73
1738384191, 0, 2, 50, 50, 4, 3.50%, 0, 0, 2, 70.76
1738384206, 0, 2, 51, 51, 4, 3.50%, 0, 0, 2, 70.03
1738384231, 0, 2, 52, 52, 4, 3.50%, 0, 0, 2, 68.64
1738384256, 0, 2, 53, 53, 4, 3.50%, 0, 0, 2, 69.26
1738384287, 0, 2, 54, 54, 4, 3.50%, 0, 0, 2, 70.62
1738384302, 0, 2, 55, 55, 4, 3.50%, 0, 0, 2, 70.47
1738384307, 0, 25, 55, 54, 9, 3.50%, 0, 0, 2, 69.69
1738384465, 0, 26, 55, 53, 8, 3.50%, 0, 0, 2, 69.87
1738384617, 0, 29, 55, 52, 7, 3.50%, 0, 0, 2, 69.04
1738384622, 0, 29, 56, 53, 7, 3.50%, 0, 0, 3, 68.25
1738384632, 0, 35, 56, 52, 6, 3.50%, 0, 0, 3, 67.59
1738384637, 0, 35, 59, 55, 6, 3.50%, 0, 0, 3, 61.47
1738384709, 0, 36, 59, 54, 5, 3.50%, 0, 0, 3, 67.51
1738384714, 0, 38, 59, 53, 4, 3.50%, 0, 0, 3, 68.78
1738384725, 0, 38, 60, 54, 4, 3.51%, 0, 0, 3, 72.03
1738384740, 0, 38, 61, 55, 4, 3.51%, 0, 0, 3, 68.86
1738384745, 0, 38, 62, 56, 4, 3.51%, 0, 0, 3, 69.46
1738384750, 0, 38, 63, 57, 4, 3.52%, 0, 0, 3, 69.80
1738384791, 0, 47, 63, 56, 5, 3.52%, 0, 0, 3, 69.57
1738384806, 0, 53, 63, 55, 4, 3.52%, 0, 0, 3, 69.37
1738384822, 0, 59, 63, 54, 3, 3.52%, 0, 0, 3, 70.23
1738384832, 0, 59, 64, 55, 3, 3.52%, 0, 0, 4, 71.61
1738384848, 0, 61, 65, 55, 3, 3.52%, 0, 0, 4, 69.42
1738384863, 0, 61, 67, 57, 3, 3.53%, 0, 0, 4, 69.54
1738384868, 0, 61, 68, 58, 3, 3.53%, 0, 0, 4, 68.94
1738384919, 0, 62, 68, 57, 4, 3.53%, 0, 0, 4, 70.14
1738384945, 0, 63, 68, 56, 3, 3.53%, 0, 0, 4, 70.81
1738384965, 0, 63, 69, 57, 3, 3.54%, 0, 0, 5, 69.17
1738384991, 0, 64, 69, 56, 3, 3.54%, 0, 0, 5, 69.31
1738385007, 0, 64, 70, 57, 3, 3.54%, 0, 0, 5, 69.07
1738385032, 0, 65, 70, 56, 2, 3.54%, 0, 0, 5, 69.15
1738385042, 0, 65, 71, 57, 2, 3.54%, 0, 0, 5, 67.86
1738385058, 0, 65, 72, 58, 2, 3.54%, 0, 0, 5, 66.69
1738385063, 0, 65, 73, 59, 2, 3.54%, 0, 0, 5, 67.37
1738385089, 0, 65, 74, 60, 2, 3.54%, 0, 0, 5, 68.81
1738385156, 0, 65, 75, 61, 2, 3.54%, 0, 0, 5, 68.58
1738385289, 0, 68, 75, 60, 2, 3.54%, 0, 0, 5, 69.47
1738385304, 0, 68, 76, 61, 2, 3.54%, 0, 0, 6, 69.69
1738385335, 0, 68, 77, 62, 2, 3.54%, 0, 0, 6, 69.12
1738385366, 0, 70, 77, 61, 2, 3.54%, 0, 0, 6, 68.53
