# unix_time, cycles_done, cur_path, paths_total, pending_total, pending_favs, map_size, unique_crashes, unique_hangs, max_depth, execs_per_sec
1738293769, 0, 0, 14, 14, 3, 1.61%, 0, 0, 1, 67.80
1738293774, 0, 4, 16, 16, 3, 1.61%, 0, 0, 2, 71.88
1738293779, 0, 4, 18, 18, 3, 1.62%, 0, 0, 2, 72.83
1738293784, 0, 4, 20, 20, 3, 1.62%, 0, 0, 2, 73.17
1738293794, 0, 4, 21, 21, 3, 1.63%, 0, 0, 2, 73.22
1738293876, 0, 4, 22, 22, 3, 1.63%, 0, 0, 2, 73.11
1738293912, 0, 4, 28, 28, 3, 2.54%, 0, 0, 2, 71.80
1738293917, 0, 4, 32, 32, 3, 2.55%, 0, 0, 2, 72.59
1738293923, 0, 4, 36, 36, 3, 2.55%, 0, 0, 2, 72.60
1738293928, 0, 4, 39, 39, 3, 2.55%, 0, 0, 2, 72.07
1738293943, 0, 4, 41, 41, 3, 2.55%, 0, 0, 2, 72.87
1738293948, 0, 4, 42, 42, 3, 2.57%, 0, 0, 2, 72.80
1738293959, 0, 4, 43, 43, 3, 2.57%, 0, 0, 2, 72.25
1738293974, 0, 4, 44, 44, 3, 2.57%, 0, 0, 2, 71.35
1738293979, 0, 4, 45, 45, 3, 2.58%, 0, 0, 2, 71.92
1738294020, 0, 4, 47, 47, 3, 2.58%, 0, 0, 2, 72.43
1738294041, 0, 4, 49, 49, 3, 2.58%, 0, 0, 2, 71.93
1738294134, 0, 4, 50, 50, 3, 2.58%, 0, 0, 2, 72.44
1738294144, 0, 20, 50, 49, 10, 2.58%, 0, 0, 2, 71.83
1738294289, 0, 22, 50, 48, 9, 2.58%, 0, 0, 2, 71.65
1738294299, 0, 24, 50, 47, 8, 2.58%, 0, 0, 2, 70.46
1738294304, 0, 24, 51, 48, 8, 2.58%, 0, 0, 3, 68.58
1738294315, 0, 24, 52, 49, 8, 2.58%, 0, 0, 3, 67.59
1738294330, 0, 24, 53, 50, 8, 2.58%, 0, 0, 3, 67.18
1738294366, 0, 24, 54, 51, 8, 2.58%, 0, 0, 3, 67.93
1738294438, 0, 27, 54, 50, 7, 2.58%, 0, 0, 3, 70.54
1738294443, 0, 33, 54, 49, 6, 2.58%, 0, 0, 3, 71.13
1738294464, 0, 35, 54, 48, 5, 2.58%, 0, 0, 3, 70.90
1738294495, 0, 38, 54, 47, 4, 2.58%, 0, 0, 3, 71.65
1738294505, 0, 38, 55, 48, 4, 2.58%, 0, 0, 3, 71.77
1738294536, 0, 38, 56, 49, 4, 2.58%, 0, 0, 3, 71.30
1738294546, 0, 38, 57, 50, 4, 2.59%, 0, 0, 3, 71.84
1738294551, 0, 38, 60, 53, 4, 2.59%, 0, 0, 3, 72.16
1738294587, 0, 38, 61, 54, 4, 2.59%, 0, 0, 3, 71.58
1738294618, 0, 38, 62, 55, 4, 2.59%, 0, 0, 3, 71.85
1738294659, 0, 38, 63, 56, 4, 2.59%, 0, 0, 3, 72.15
1738294721, 0, 38, 64, 57, 4, 2.59%, 0, 0, 3, 72.23
1738294768, 0, 41, 64, 56, 8, 2.59%, 0, 0, 3, 73.83
1738294788, 0, 43, 64, 55, 7, 2.59%, 0, 0, 3, 73.48
1738294803, 0, 44, 64, 54, 6, 2.59%, 0, 0, 3, 72.52
1738294814, 0, 56, 66, 55, 5, 2.60%, 0, 0, 4, 74.04
1738294819, 0, 56, 67, 56, 5, 2.60%, 0, 0, 4, 75.07
1738294824, 0, 56, 68, 57, 5, 2.60%, 0, 0, 4, 75.24
1738294839, 0, 56, 71, 60, 5, 2.61%, 0, 0, 4, 72.83
1738294844, 0, 56, 73, 62, 5, 2.61%, 0, 0, 4, 72.79
1738294860, 0, 56, 75, 64, 5, 2.61%, 0, 0, 4, 72.59
1738294865, 0, 56, 77, 66, 5, 2.61%, 0, 0, 4, 72.78
1738294886, 0, 56, 78, 67, 5, 2.61%, 0, 0, 4, 72.51
1738294891, 0, 56, 79, 68, 5, 2.61%, 0, 0, 4, 72.19
1738294901, 0, 56, 80, 69, 5, 2.61%, 0, 0, 4, 72.85
1738294911, 0, 56, 82, 71, 5, 2.61%, 0, 0, 4, 72.48
1738294917, 0, 56, 83, 72, 5, 2.61%, 0, 0, 4, 72.75
1738294922, 0, 56, 84, 73, 5, 2.61%, 0, 0, 4, 72.49
1738294932, 0, 56, 85, 74, 5, 2.62%, 0, 0, 4, 72.57
1738294958, 0, 56, 86, 75, 5, 2.62%, 0, 0, 4, 72.11
1738295009, 0, 56, 87, 76, 5, 2.62%, 0, 0, 4, 72.69
1738295045, 0, 56, 88, 77, 5, 2.62%, 0, 0, 4, 72.47
1738295066, 0, 58, 88, 76, 10, 2.62%, 0, 0, 4, 70.99
1738295071, 0, 58, 90, 78, 10, 2.62%, 0, 0, 4, 71.69
1738295137, 0, 58, 91, 79, 10, 2.62%, 0, 0, 4, 70.47
1738295173, 0, 58, 92, 80, 10, 2.62%, 0, 0, 4, 70.12
