# unix_time, cycles_done, cur_path, paths_total, pending_total, pending_favs, map_size, unique_crashes, unique_hangs, max_depth, execs_per_sec
1738463672, 0, 0, 30, 30, 4, 1.73%, 0, 0, 1, 66.21
1738463677, 0, 4, 39, 39, 4, 1.74%, 0, 0, 2, 67.94
1738463682, 0, 4, 41, 41, 4, 1.77%, 0, 0, 2, 68.10
1738463692, 0, 4, 43, 43, 4, 1.77%, 0, 0, 2, 68.15
1738463708, 0, 4, 44, 44, 4, 1.77%, 0, 0, 2, 66.64
1738463718, 0, 4, 49, 49, 4, 1.79%, 0, 0, 2, 67.75
1738463723, 0, 4, 51, 51, 4, 2.52%, 0, 0, 2, 68.50
1738463728, 0, 4, 56, 56, 4, 2.52%, 0, 0, 2, 68.76
1738463743, 0, 4, 59, 59, 4, 2.53%, 0, 0, 2, 69.01
1738463753, 0, 4, 60, 60, 4, 2.53%, 0, 0, 2, 69.05
1738463758, 0, 4, 61, 61, 4, 2.53%, 0, 0, 2, 68.94
1738463769, 0, 4, 63, 63, 4, 2.53%, 0, 0, 2, 67.86
1738463794, 0, 4, 64, 64, 4, 2.53%, 0, 0, 2, 69.01
1738463814, 0, 4, 65, 65, 4, 2.53%, 0, 0, 2, 67.85
1738463860, 0, 4, 66, 66, 4, 2.53%, 0, 0, 2, 66.17
1738463901, 0, 4, 67, 67, 4, 2.53%, 0, 0, 2, 59.35
1738463963, 0, 30, 67, 66, 12, 2.53%, 0, 0, 2, 66.12
1738463999, 0, 32, 67, 65, 12, 2.53%, 0, 0, 2, 67.50
1738464045, 0, 32, 68, 66, 12, 2.53%, 0, 0, 3, 66.87
1738464055, 0, 38, 68, 65, 11, 2.53%, 0, 0, 3, 67.93
1738464106, 0, 39, 68, 64, 10, 2.53%, 0, 0, 3, 60.80
1738464111, 0, 39, 69, 65, 10, 2.54%, 0, 0, 3, 63.36
1738464158, 0, 40, 69, 64, 9, 2.54%, 0, 0, 3, 65.75
1738464183, 0, 40, 70, 65, 9, 2.54%, 0, 0, 3, 65.53
1738464199, 0, 45, 70, 64, 9, 2.54%, 0, 0, 3, 64.85
1738464209, 0, 48, 70, 63, 8, 2.54%, 0, 0, 3, 64.65
1738464250, 0, 49, 70, 62, 7, 2.54%, 0, 0, 3, 64.38
1738464265, 0, 51, 70, 61, 6, 2.54%, 0, 0, 3, 63.69
1738464286, 0, 56, 70, 60, 5, 2.54%, 0, 0, 3, 65.20
1738464301, 0, 61, 70, 59, 4, 2.54%, 0, 0, 3, 64.46
1738464332, 0, 61, 71, 60, 4, 2.54%, 0, 0, 3, 64.77
1738464342, 0, 66, 71, 59, 4, 2.54%, 0, 0, 3, 65.34
1738464378, 0, 68, 71, 58, 3, 2.54%, 0, 0, 3, 65.11
1738464429, 0, 69, 72, 58, 2, 2.55%, 0, 0, 4, 65.22
1738464434, 0, 69, 74, 60, 2, 2.56%, 0, 0, 4, 66.54
1738464460, 0, 69, 75, 61, 2, 2.56%, 0, 0, 4, 63.53
1738464475, 0, 70, 75, 60, 4, 2.56%, 0, 0, 4, 64.23
1738464480, 0, 70, 77, 62, 4, 2.56%, 0, 0, 4, 64.58
1738464490, 0, 70, 78, 63, 4, 2.56%, 0, 0, 4, 64.02
1738464557, 0, 70, 79, 64, 4, 2.56%, 0, 0, 4, 64.78
1738464634, 0, 70, 80, 65, 4, 2.56%, 0, 0, 4, 62.84
1738464680, 0, 70, 82, 67, 4, 2.56%, 0, 0, 4, 64.65
1738464732, 0, 70, 83, 68, 4, 2.56%, 0, 0, 4, 64.92
1738464747, 0, 72, 83, 67, 4, 2.56%, 0, 0, 4, 65.12
1738464752, 0, 72, 84, 68, 4, 2.57%, 0, 0, 5, 64.37
1738464778, 0, 72, 85, 69, 4, 2.57%, 0, 0, 5, 64.78
1738464793, 0, 72, 86, 70, 4, 2.58%, 0, 0, 5, 65.17
1738464813, 0, 72, 87, 71, 4, 2.58%, 0, 0, 5, 65.05
1738464899, 0, 73, 87, 70, 5, 2.58%, 0, 0, 5, 69.72
1738464940, 0, 74, 87, 69, 4, 2.58%, 0, 0, 5, 69.29
1738464950, 0, 74, 88, 70, 4, 2.58%, 0, 0, 5, 68.75
1738464976, 0, 77, 88, 69, 3, 2.58%, 0, 0, 5, 67.93
1738465058, 0, 77, 89, 70, 3, 2.58%, 0, 0, 5, 65.05
