# unix_time, cycles_done, cur_path, paths_total, pending_total, pending_favs, map_size, unique_crashes, unique_hangs, max_depth, execs_per_sec
1738458516, 0, 0, 30, 30, 4, 1.69%, 0, 0, 1, 67.80
1738458521, 0, 3, 32, 32, 4, 1.69%, 0, 0, 2, 70.24
1738458526, 0, 3, 34, 34, 4, 1.70%, 0, 0, 2, 71.03
1738458536, 0, 3, 36, 36, 4, 1.70%, 0, 0, 2, 71.39
1738458546, 0, 3, 37, 37, 4, 1.70%, 0, 0, 2, 70.92
1738458627, 0, 3, 38, 38, 4, 1.70%, 0, 0, 2, 71.22
1738458702, 0, 3, 40, 40, 4, 1.70%, 0, 0, 2, 70.45
1738458748, 0, 3, 47, 47, 4, 3.48%, 0, 0, 2, 69.33
1738458753, 0, 3, 49, 49, 4, 3.48%, 0, 0, 2, 70.08
1738458758, 0, 3, 52, 52, 4, 3.49%, 0, 0, 2, 70.26
1738458763, 0, 3, 53, 53, 4, 3.49%, 0, 0, 2, 70.50
1738458768, 0, 3, 55, 55, 4, 3.49%, 0, 0, 2, 70.60
1738458783, 0, 3, 56, 56, 4, 3.49%, 0, 0, 2, 70.10
1738458793, 0, 3, 57, 57, 4, 3.49%, 0, 0, 2, 69.41
1738458814, 0, 3, 59, 59, 4, 3.49%, 0, 0, 2, 70.31
1738458824, 0, 3, 60, 60, 4, 3.49%, 0, 0, 2, 70.17
1738458834, 0, 3, 61, 61, 4, 3.49%, 0, 0, 2, 70.09
1738458844, 0, 3, 62, 62, 4, 3.49%, 0, 0, 2, 70.21
1738458859, 0, 3, 63, 63, 4, 3.49%, 0, 0, 2, 70.46
1738458884, 0, 3, 64, 64, 4, 3.49%, 0, 0, 2, 67.82
1738458889, 0, 3, 65, 65, 4, 3.50%, 0, 0, 2, 67.29
1738458955, 0, 3, 66, 66, 4, 3.50%, 0, 0, 2, 70.23
1738458976, 0, 3, 67, 67, 4, 3.50%, 0, 0, 2, 70.10
1738458986, 0, 32, 67, 66, 10, 3.50%, 0, 0, 2, 69.38
1738459218, 0, 32, 68, 67, 10, 3.50%, 0, 0, 3, 69.60
1738459228, 0, 36, 68, 66, 10, 3.50%, 0, 0, 3, 69.37
1738459466, 0, 41, 68, 65, 9, 3.50%, 0, 0, 3, 69.67
1738459476, 0, 43, 68, 64, 8, 3.50%, 0, 0, 3, 71.21
1738459507, 0, 45, 68, 63, 7, 3.50%, 0, 0, 3, 69.29
1738459517, 0, 50, 68, 62, 6, 3.50%, 0, 0, 3, 66.88
1738459528, 0, 51, 68, 61, 5, 3.50%, 0, 0, 3, 69.10
1738459558, 0, 51, 69, 62, 5, 3.50%, 0, 0, 3, 69.70
1738459573, 0, 52, 69, 61, 4, 3.50%, 0, 0, 3, 70.08
1738459584, 0, 59, 69, 60, 3, 3.50%, 0, 0, 3, 69.68
1738459624, 0, 64, 69, 59, 2, 3.50%, 0, 0, 3, 69.96
1738459635, 0, 64, 70, 60, 2, 3.50%, 0, 0, 3, 69.54
1738459645, 0, 67, 70, 59, 2, 3.50%, 0, 0, 3, 70.06
1738459650, 0, 67, 75, 64, 2, 3.52%, 0, 0, 4, 71.69
1738459655, 0, 67, 76, 65, 2, 3.52%, 0, 0, 4, 72.23
1738459908, 0, 67, 81, 70, 2, 3.52%, 0, 0, 4, 71.50
1738459913, 0, 67, 88, 77, 2, 3.52%, 0, 0, 4, 71.18
1738459918, 0, 67, 93, 82, 2, 3.52%, 0, 0, 4, 69.91
1738459923, 0, 67, 95, 84, 2, 3.52%, 0, 0, 4, 70.55
1738459928, 0, 67, 96, 85, 2, 3.52%, 0, 0, 4, 70.70
1738459933, 0, 67, 99, 88, 2, 3.52%, 0, 0, 4, 70.77
1738459948, 0, 67, 100, 89, 2, 3.52%, 0, 0, 4, 69.62
1738459953, 0, 67, 101, 90, 2, 3.52%, 0, 0, 4, 70.44
1738459964, 0, 67, 103, 92, 2, 3.52%, 0, 0, 4, 70.80
1738459984, 0, 67, 105, 94, 2, 3.52%, 0, 0, 4, 70.69
1738459989, 0, 67, 106, 95, 2, 3.52%, 0, 0, 4, 70.74
1738459999, 0, 67, 107, 96, 2, 3.53%, 0, 0, 4, 70.69
1738460009, 0, 67, 108, 97, 2, 3.53%, 0, 0, 4, 70.57
