# unix_time, cycles_done, cur_path, paths_total, pending_total, pending_favs, map_size, unique_crashes, unique_hangs, max_depth, execs_per_sec
1738292101, 0, 0, 1, 1, 1, 1.58%, 0, 0, 1, 57.55
1738292107, 0, 0, 3, 3, 1, 1.61%, 0, 0, 2, 69.53
1738292112, 0, 0, 5, 5, 1, 1.61%, 0, 0, 2, 70.75
1738292117, 0, 0, 7, 7, 1, 1.62%, 0, 0, 2, 71.02
1738292132, 0, 0, 8, 8, 1, 1.62%, 0, 0, 2, 73.18
1738292209, 0, 0, 9, 9, 1, 1.62%, 0, 0, 2, 72.91
1738292245, 0, 0, 17, 17, 1, 1.64%, 0, 0, 2, 72.83
1738292250, 0, 0, 24, 24, 1, 2.56%, 0, 0, 2, 72.36
1738292256, 0, 0, 26, 26, 1, 2.57%, 0, 0, 2, 72.34
1738292261, 0, 0, 28, 28, 1, 2.57%, 0, 0, 2, 73.01
1738292266, 0, 0, 29, 29, 1, 2.57%, 0, 0, 2, 72.71
1738292271, 0, 0, 30, 30, 1, 2.57%, 0, 0, 2, 72.71
1738292276, 0, 0, 31, 31, 1, 2.57%, 0, 0, 2, 72.70
1738292281, 0, 0, 33, 33, 1, 2.57%, 0, 0, 2, 72.66
1738292286, 0, 0, 34, 34, 1, 2.57%, 0, 0, 2, 72.77
1738292292, 0, 0, 35, 35, 1, 2.57%, 0, 0, 2, 72.44
1738292297, 0, 0, 36, 36, 1, 2.57%, 0, 0, 2, 72.57
1738292317, 0, 0, 37, 37, 1, 2.57%, 0, 0, 2, 72.57
1738292322, 0, 0, 38, 38, 1, 2.57%, 0, 0, 2, 72.65
1738292477, 0, 7, 38, 37, 10, 2.57%, 0, 0, 2, 71.95
1738292627, 0, 9, 38, 36, 9, 2.57%, 0, 0, 2, 72.25
1738292632, 0, 12, 38, 35, 8, 2.57%, 0, 0, 2, 71.79
1738292642, 0, 13, 38, 34, 7, 2.57%, 0, 0, 2, 71.03
1738292657, 0, 15, 38, 33, 6, 2.57%, 0, 0, 2, 71.52
1738292668, 0, 18, 39, 33, 5, 2.58%, 0, 0, 3, 71.61
1738292673, 0, 18, 40, 34, 5, 2.58%, 0, 0, 3, 71.68
1738292683, 0, 19, 40, 33, 5, 2.58%, 0, 0, 3, 70.93
1738292694, 0, 23, 40, 32, 4, 2.58%, 0, 0, 3, 72.66
1738292719, 0, 33, 40, 31, 3, 2.58%, 0, 0, 3, 74.38
1738292740, 0, 36, 40, 30, 2, 2.58%, 0, 0, 3, 71.77
1738292745, 0, 36, 41, 31, 2, 2.58%, 0, 0, 3, 72.00
