# unix_time, cycles_done, cur_path, paths_total, pending_total, pending_favs, map_size, unique_crashes, unique_hangs, max_depth, execs_per_sec
1738298467, 0, 0, 14, 14, 3, 1.68%, 0, 0, 1, 68.33
1738298472, 0, 4, 16, 16, 3, 1.69%, 0, 0, 2, 70.33
1738298477, 0, 4, 18, 18, 3, 1.69%, 0, 0, 2, 71.05
1738298487, 0, 4, 20, 20, 3, 1.70%, 0, 0, 2, 70.59
1738298497, 0, 4, 21, 21, 3, 1.70%, 0, 0, 2, 71.21
1738298578, 0, 4, 22, 22, 3, 1.70%, 0, 0, 2, 71.23
1738298613, 0, 4, 25, 25, 3, 3.45%, 0, 0, 2, 69.30
1738298618, 0, 4, 30, 30, 3, 3.46%, 0, 0, 2, 70.34
1738298623, 0, 4, 33, 33, 3, 3.49%, 0, 0, 2, 70.77
1738298628, 0, 4, 34, 34, 3, 3.49%, 0, 0, 2, 69.39
1738298633, 0, 4, 36, 36, 3, 3.49%, 0, 0, 2, 70.63
1738298644, 0, 4, 38, 38, 3, 3.49%, 0, 0, 2, 70.84
1738298654, 0, 4, 39, 39, 3, 3.49%, 0, 0, 2, 69.57
1738298659, 0, 4, 40, 40, 3, 3.49%, 0, 0, 2, 69.42
1738298679, 0, 4, 43, 43, 3, 3.49%, 0, 0, 2, 70.68
1738298704, 0, 4, 44, 44, 3, 3.49%, 0, 0, 2, 70.14
1738298815, 0, 4, 45, 45, 3, 3.49%, 0, 0, 2, 67.90
1738298856, 0, 16, 45, 44, 9, 3.49%, 0, 0, 2, 68.17
1738299015, 0, 20, 45, 43, 8, 3.49%, 0, 0, 2, 69.64
1738299172, 0, 22, 45, 42, 7, 3.49%, 0, 0, 2, 69.29
1738299177, 0, 22, 46, 43, 7, 3.49%, 0, 0, 3, 68.15
1738299187, 0, 24, 46, 42, 6, 3.49%, 0, 0, 3, 66.49
1738299197, 0, 28, 47, 42, 5, 3.50%, 0, 0, 3, 67.23
1738299202, 0, 28, 48, 43, 5, 3.50%, 0, 0, 3, 68.76
1738299227, 0, 36, 48, 42, 5, 3.50%, 0, 0, 3, 69.18
1738299233, 0, 36, 49, 43, 5, 3.50%, 0, 0, 3, 69.64
1738299248, 0, 36, 51, 45, 5, 3.50%, 0, 0, 3, 69.54
1738299273, 0, 40, 51, 44, 5, 3.50%, 0, 0, 3, 70.06
1738299432, 0, 44, 51, 43, 4, 3.50%, 0, 0, 3, 70.96
1738299493, 0, 44, 52, 44, 4, 3.50%, 0, 0, 3, 66.96
1738299498, 0, 44, 53, 45, 4, 3.50%, 0, 0, 3, 64.84
1738299518, 0, 46, 53, 44, 3, 3.50%, 0, 0, 3, 66.88
1738299528, 0, 47, 53, 43, 2, 3.50%, 0, 0, 3, 68.13
1738299534, 0, 47, 54, 44, 2, 3.51%, 0, 0, 4, 69.75
1738299539, 0, 47, 55, 45, 2, 3.51%, 0, 0, 4, 70.02
1738299544, 0, 47, 56, 46, 2, 3.51%, 0, 0, 4, 70.04
1738299569, 0, 48, 56, 45, 3, 3.51%, 0, 0, 4, 68.77
1738299595, 0, 54, 56, 44, 2, 3.51%, 0, 0, 4, 69.93
1738299600, 0, 54, 57, 45, 2, 3.52%, 0, 0, 5, 68.54
1738299630, 0, 54, 58, 46, 2, 3.52%, 0, 0, 5, 68.95
1738299636, 0, 54, 59, 47, 2, 3.53%, 0, 0, 5, 68.83
1738299661, 0, 54, 60, 48, 2, 3.53%, 0, 0, 5, 69.24
1738299671, 0, 54, 61, 49, 2, 3.53%, 0, 0, 5, 63.70
1738299697, 0, 54, 62, 50, 2, 3.53%, 0, 0, 5, 67.72
1738299866, 0, 55, 62, 49, 4, 3.53%, 0, 0, 5, 68.12
1738299912, 0, 55, 63, 50, 4, 3.53%, 0, 0, 5, 68.06
1738299917, 0, 55, 64, 51, 4, 3.53%, 0, 0, 5, 68.95
