# unix_time, cycles_done, cur_path, paths_total, pending_total, pending_favs, map_size, unique_crashes, unique_hangs, max_depth, execs_per_sec
1738387993, 0, 0, 20, 20, 4, 1.67%, 0, 0, 1, 67.34
1738387998, 0, 2, 22, 22, 4, 1.67%, 0, 0, 2, 70.01
1738388003, 0, 2, 24, 24, 4, 1.68%, 0, 0, 2, 70.66
1738388013, 0, 2, 26, 26, 4, 1.68%, 0, 0, 2, 70.73
1738388023, 0, 2, 27, 27, 4, 1.69%, 0, 0, 2, 71.33
1738388104, 0, 2, 28, 28, 4, 1.69%, 0, 0, 2, 70.87
1738388180, 0, 2, 30, 30, 4, 1.69%, 0, 0, 2, 70.10
1738388226, 0, 2, 36, 36, 4, 1.73%, 0, 0, 2, 69.63
1738388231, 0, 2, 39, 39, 4, 1.73%, 0, 0, 2, 69.93
1738388236, 0, 2, 41, 41, 4, 3.47%, 0, 0, 2, 69.35
1738388241, 0, 2, 42, 42, 4, 3.47%, 0, 0, 2, 69.48
1738388251, 0, 2, 43, 43, 4, 3.47%, 0, 0, 2, 69.71
1738388262, 0, 2, 45, 45, 4, 3.47%, 0, 0, 2, 70.14
1738388267, 0, 2, 46, 46, 4, 3.47%, 0, 0, 2, 70.09
1738388272, 0, 2, 47, 47, 4, 3.47%, 0, 0, 2, 69.99
1738388282, 0, 2, 48, 48, 4, 3.47%, 0, 0, 2, 70.17
1738388287, 0, 2, 49, 49, 4, 3.47%, 0, 0, 2, 66.57
1738388292, 0, 2, 51, 51, 4, 3.48%, 0, 0, 2, 69.21
1738388297, 0, 2, 52, 52, 4, 3.48%, 0, 0, 2, 69.70
1738388409, 0, 2, 53, 53, 4, 3.49%, 0, 0, 2, 70.14
1738388434, 0, 2, 54, 54, 4, 3.49%, 0, 0, 2, 70.17
1738388459, 0, 22, 54, 53, 11, 3.49%, 0, 0, 2, 69.77
1738388703, 0, 26, 54, 52, 10, 3.49%, 0, 0, 2, 69.91
1738388941, 0, 30, 54, 51, 9, 3.49%, 0, 0, 2, 69.74
1738388956, 0, 31, 54, 50, 8, 3.49%, 0, 0, 2, 66.83
1738388986, 0, 32, 54, 49, 7, 3.49%, 0, 0, 2, 69.25
1738389052, 0, 33, 54, 48, 6, 3.49%, 0, 0, 2, 68.05
1738389088, 0, 34, 54, 47, 5, 3.49%, 0, 0, 2, 68.77
1738389094, 0, 39, 54, 46, 4, 3.49%, 0, 0, 2, 68.94
1738389099, 0, 39, 55, 47, 4, 3.49%, 0, 0, 3, 65.07
1738389104, 0, 39, 56, 48, 4, 3.49%, 0, 0, 3, 64.56
1738389145, 0, 43, 56, 47, 3, 3.49%, 0, 0, 3, 66.55
1738389282, 0, 43, 57, 48, 3, 3.49%, 0, 0, 3, 69.43
1738389287, 0, 43, 60, 51, 3, 3.49%, 0, 0, 3, 68.11
1738389292, 0, 43, 61, 52, 3, 3.49%, 0, 0, 3, 69.08
1738389297, 0, 43, 62, 53, 3, 3.49%, 0, 0, 3, 68.97
1738389302, 0, 43, 63, 54, 3, 3.49%, 0, 0, 3, 69.23
1738389317, 0, 43, 64, 55, 3, 3.49%, 0, 0, 3, 69.44
1738389352, 0, 43, 65, 56, 3, 3.49%, 0, 0, 3, 69.37
