# unix_time, cycles_done, cur_path, paths_total, pending_total, pending_favs, map_size, unique_crashes, unique_hangs, max_depth, execs_per_sec
1738461050, 0, 0, 31, 31, 4, 3.50%, 0, 0, 1, 64.94
1738461055, 0, 4, 40, 40, 4, 3.51%, 0, 0, 2, 66.24
1738461060, 0, 4, 42, 42, 4, 3.54%, 0, 0, 2, 66.19
1738461070, 0, 4, 44, 44, 4, 3.54%, 0, 0, 2, 67.87
1738461085, 0, 4, 45, 45, 4, 3.54%, 0, 0, 2, 68.78
1738461096, 0, 4, 49, 49, 4, 3.58%, 0, 0, 2, 68.13
1738461101, 0, 4, 52, 52, 4, 3.58%, 0, 0, 2, 68.70
1738461106, 0, 4, 53, 53, 4, 3.58%, 0, 0, 2, 69.11
1738461111, 0, 4, 55, 55, 4, 3.58%, 0, 0, 2, 68.99
1738461116, 0, 4, 56, 56, 4, 3.58%, 0, 0, 2, 69.11
1738461136, 0, 4, 57, 57, 4, 3.58%, 0, 0, 2, 68.55
1738461146, 0, 4, 58, 58, 4, 3.58%, 0, 0, 2, 69.19
1738461151, 0, 4, 59, 59, 4, 3.59%, 0, 0, 2, 69.08
1738461182, 0, 4, 60, 60, 4, 3.59%, 0, 0, 2, 68.73
1738461207, 0, 4, 62, 62, 4, 3.59%, 0, 0, 2, 69.02
1738461227, 0, 4, 63, 63, 4, 3.59%, 0, 0, 2, 68.41
1738461238, 0, 4, 64, 64, 4, 3.59%, 0, 0, 2, 68.29
1738461283, 0, 4, 65, 65, 4, 3.59%, 0, 0, 2, 68.06
1738461299, 0, 4, 66, 66, 4, 3.60%, 0, 0, 2, 68.27
1738461334, 0, 10, 66, 65, 10, 3.60%, 0, 0, 2, 59.84
1738461375, 0, 10, 67, 66, 10, 3.60%, 0, 0, 2, 43.04
1738461380, 0, 10, 70, 69, 10, 3.61%, 0, 0, 2, 41.98
1738461386, 0, 10, 74, 73, 10, 3.63%, 2, 0, 2, 38.88
1738461391, 0, 10, 76, 75, 10, 3.63%, 2, 0, 2, 39.47
1738461431, 0, 10, 81, 80, 10, 3.63%, 3, 0, 2, 39.97
1738461436, 0, 10, 81, 80, 10, 3.63%, 4, 0, 2, 39.87
1738461441, 0, 10, 84, 83, 10, 3.63%, 5, 0, 2, 40.26
1738461446, 0, 10, 85, 84, 10, 3.63%, 6, 0, 2, 39.83
1738461452, 0, 10, 86, 85, 10, 3.63%, 7, 0, 2, 39.62
1738461457, 0, 10, 88, 87, 10, 3.64%, 8, 0, 2, 39.75
1738461472, 0, 10, 88, 87, 10, 3.64%, 9, 0, 2, 41.95
1738461513, 0, 10, 89, 88, 10, 3.64%, 9, 0, 2, 40.52
1738461610, 0, 10, 90, 89, 10, 3.64%, 9, 0, 2, 41.04
1738461630, 0, 10, 91, 90, 10, 3.64%, 9, 0, 2, 40.54
1738461767, 0, 10, 92, 91, 10, 3.64%, 9, 0, 2, 39.45
1738461773, 0, 10, 93, 92, 10, 3.64%, 9, 0, 2, 39.47
1738461834, 0, 10, 94, 93, 10, 3.65%, 9, 0, 2, 43.95
