# unix_time, cycles_done, cur_path, paths_total, pending_total, pending_favs, map_size, unique_crashes, unique_hangs, max_depth, execs_per_sec
1738386066, 0, 0, 20, 20, 4, 1.68%, 0, 0, 1, 68.41
1738386071, 0, 2, 22, 22, 4, 1.68%, 0, 0, 2, 70.33
1738386076, 0, 2, 24, 24, 4, 1.69%, 0, 0, 2, 69.97
1738386086, 0, 2, 26, 26, 4, 1.69%, 0, 0, 2, 71.12
1738386097, 0, 2, 27, 27, 4, 1.69%, 0, 0, 2, 69.10
1738386178, 0, 2, 28, 28, 4, 1.69%, 0, 0, 2, 70.82
1738386253, 0, 2, 30, 30, 4, 1.69%, 0, 0, 2, 70.21
1738386299, 0, 2, 39, 39, 4, 1.72%, 0, 0, 2, 70.27
1738386304, 0, 2, 40, 40, 4, 3.45%, 0, 0, 2, 69.69
1738386309, 0, 2, 41, 41, 4, 3.45%, 0, 0, 2, 70.24
1738386314, 0, 2, 42, 42, 4, 3.45%, 0, 0, 2, 70.23
1738386319, 0, 2, 43, 43, 4, 3.45%, 0, 0, 2, 69.96
1738386324, 0, 2, 46, 46, 4, 3.47%, 0, 0, 2, 70.36
1738386334, 0, 2, 48, 48, 4, 3.48%, 0, 0, 2, 70.07
1738386339, 0, 2, 49, 49, 4, 3.48%, 0, 0, 2, 69.78
1738386360, 0, 2, 50, 50, 4, 3.48%, 0, 0, 2, 70.30
1738386385, 0, 2, 51, 51, 4, 3.48%, 0, 0, 2, 70.35
1738386390, 0, 2, 52, 52, 4, 3.48%, 0, 0, 2, 70.07
1738386410, 0, 2, 53, 53, 4, 3.49%, 0, 0, 2, 70.37
1738386436, 0, 2, 54, 54, 4, 3.49%, 0, 0, 2, 69.33
1738386491, 0, 2, 56, 56, 4, 3.49%, 0, 0, 2, 69.62
1738386532, 0, 22, 56, 55, 11, 3.49%, 0, 0, 2, 69.67
1738386770, 0, 22, 57, 56, 11, 3.49%, 0, 0, 3, 69.44
1738386780, 0, 22, 58, 57, 11, 3.49%, 0, 0, 3, 69.05
1738386795, 0, 26, 58, 56, 11, 3.49%, 0, 0, 3, 69.75
1738387033, 0, 30, 58, 55, 10, 3.49%, 0, 0, 3, 69.71
1738387048, 0, 31, 58, 54, 9, 3.49%, 0, 0, 3, 69.04
1738387059, 0, 32, 58, 53, 8, 3.49%, 0, 0, 3, 69.02
1738387089, 0, 37, 58, 52, 7, 3.49%, 0, 0, 3, 69.51
1738387129, 0, 37, 59, 53, 7, 3.49%, 0, 0, 3, 69.50
1738387145, 0, 39, 59, 52, 7, 3.49%, 0, 0, 3, 68.95
1738387160, 0, 43, 59, 51, 6, 3.49%, 0, 0, 3, 70.13
1738387201, 0, 43, 60, 52, 6, 3.49%, 0, 0, 3, 70.66
1738387211, 0, 46, 60, 51, 5, 3.49%, 0, 0, 3, 70.47
1738387232, 0, 48, 60, 50, 4, 3.49%, 0, 0, 3, 70.16
1738387268, 0, 52, 60, 49, 3, 3.49%, 0, 0, 3, 68.30
1738387273, 0, 52, 65, 54, 3, 3.49%, 0, 0, 3, 68.29
1738387278, 0, 52, 68, 57, 3, 3.49%, 0, 0, 3, 67.76
1738387399, 0, 52, 69, 58, 3, 3.49%, 0, 0, 3, 65.80
1738387445, 0, 52, 71, 60, 3, 3.49%, 0, 0, 3, 69.49
1738387506, 0, 52, 72, 61, 3, 3.49%, 0, 0, 3, 69.68
1738387561, 0, 52, 73, 62, 3, 3.49%, 0, 0, 3, 69.25
1738387566, 0, 52, 74, 63, 3, 3.49%, 0, 0, 3, 69.35
1738387581, 0, 52, 75, 64, 3, 3.49%, 0, 0, 3, 68.13
1738387597, 0, 52, 76, 65, 3, 3.49%, 0, 0, 3, 68.74
