# unix_time, cycles_done, cur_path, paths_total, pending_total, pending_favs, map_size, unique_crashes, unique_hangs, max_depth, execs_per_sec
1738473442, 0, 0, 36, 36, 4, 1.69%, 0, 0, 1, 63.12
1738473447, 0, 4, 45, 45, 4, 1.70%, 0, 0, 2, 64.09
1738473452, 0, 4, 47, 47, 4, 1.73%, 0, 0, 2, 65.51
1738473463, 0, 4, 48, 48, 4, 1.73%, 0, 0, 2, 65.48
1738473468, 0, 4, 49, 49, 4, 1.73%, 0, 0, 2, 65.73
1738473478, 0, 4, 50, 50, 4, 1.73%, 0, 0, 2, 64.39
1738473488, 0, 4, 52, 52, 4, 1.74%, 0, 0, 2, 66.32
1738473494, 0, 4, 55, 55, 4, 3.48%, 0, 0, 2, 64.51
1738473499, 0, 4, 59, 59, 4, 3.48%, 0, 0, 2, 63.21
1738473504, 0, 4, 61, 61, 4, 3.49%, 0, 0, 2, 64.07
1738473509, 0, 4, 62, 62, 4, 3.49%, 0, 0, 2, 59.39
1738473514, 0, 4, 65, 65, 4, 3.49%, 0, 0, 2, 62.81
1738473519, 0, 4, 69, 69, 4, 3.49%, 0, 0, 2, 64.82
1738473524, 0, 4, 70, 70, 4, 3.49%, 0, 0, 2, 63.86
1738473529, 0, 4, 71, 71, 4, 3.49%, 0, 0, 2, 63.92
1738473545, 0, 4, 72, 72, 4, 3.50%, 0, 0, 2, 61.12
1738473581, 0, 4, 73, 73, 4, 3.50%, 0, 0, 2, 59.32
1738473586, 0, 4, 74, 74, 4, 3.50%, 0, 0, 2, 57.18
1738473601, 0, 4, 75, 75, 4, 3.50%, 0, 0, 2, 65.01
1738473658, 0, 4, 76, 76, 4, 3.50%, 0, 0, 2, 62.25
1738473756, 0, 38, 76, 75, 12, 3.50%, 0, 0, 2, 59.25
1738473812, 0, 46, 76, 74, 11, 3.50%, 0, 0, 2, 60.98
1738473848, 0, 47, 76, 73, 10, 3.50%, 0, 0, 2, 64.60
1738473884, 0, 50, 76, 72, 9, 3.50%, 0, 0, 2, 61.71
1738473899, 0, 51, 76, 71, 8, 3.50%, 0, 0, 2, 62.40
1738473909, 0, 54, 76, 70, 7, 3.50%, 0, 0, 2, 62.28
1738473919, 0, 54, 77, 71, 7, 3.50%, 0, 0, 3, 57.39
1738473939, 0, 54, 78, 72, 7, 3.50%, 0, 0, 3, 55.69
1738473965, 0, 56, 78, 71, 6, 3.50%, 0, 0, 3, 64.90
1738474000, 0, 57, 78, 70, 6, 3.50%, 0, 0, 3, 68.99
1738474052, 0, 59, 78, 69, 5, 3.50%, 0, 0, 3, 62.74
1738474088, 0, 63, 78, 68, 4, 3.50%, 0, 0, 3, 62.85
1738474098, 0, 63, 83, 73, 4, 3.50%, 0, 0, 3, 60.84
1738474216, 0, 63, 84, 74, 4, 3.50%, 0, 0, 3, 61.14
1738474309, 0, 63, 85, 75, 4, 3.50%, 0, 0, 3, 61.71
1738474360, 0, 63, 88, 78, 4, 3.50%, 0, 0, 3, 65.36
1738474366, 0, 63, 89, 79, 4, 3.50%, 0, 0, 3, 66.05
1738474391, 0, 63, 90, 80, 4, 3.50%, 0, 0, 3, 63.93
1738474442, 0, 63, 91, 81, 4, 3.50%, 0, 0, 3, 63.42
1738474605, 0, 63, 92, 82, 4, 3.50%, 0, 0, 3, 58.17
1738474626, 0, 69, 92, 81, 4, 3.50%, 0, 0, 3, 64.92
1738474646, 0, 71, 92, 80, 3, 3.50%, 0, 0, 3, 63.82
1738474662, 0, 78, 92, 79, 2, 3.50%, 0, 0, 3, 65.16
1738474672, 0, 78, 93, 80, 2, 3.50%, 0, 0, 4, 62.32
1738474937, 0, 80, 93, 79, 1, 3.50%, 0, 0, 4, 66.63
