# unix_time, cycles_done, cur_path, paths_total, pending_total, pending_favs, map_size, unique_crashes, unique_hangs, max_depth, execs_per_sec
1738300694, 0, 0, 1, 1, 1, 1.58%, 0, 0, 1, 58.82
1738300699, 0, 0, 3, 3, 1, 1.61%, 0, 0, 2, 65.56
1738300704, 0, 0, 5, 5, 1, 1.62%, 0, 0, 2, 66.13
1738300715, 0, 0, 7, 7, 1, 1.62%, 0, 0, 2, 69.61
1738300725, 0, 0, 8, 8, 1, 1.63%, 0, 0, 2, 69.05
1738300807, 0, 0, 9, 9, 1, 1.63%, 0, 0, 2, 72.80
1738300843, 0, 0, 16, 16, 1, 2.55%, 0, 0, 2, 71.52
1738300848, 0, 0, 21, 21, 1, 2.57%, 0, 0, 2, 72.62
1738300858, 0, 0, 23, 23, 1, 2.57%, 0, 0, 2, 72.81
1738300869, 0, 0, 24, 24, 1, 2.57%, 0, 0, 2, 72.11
1738300889, 0, 0, 25, 25, 1, 2.57%, 0, 0, 2, 71.33
1738300895, 0, 0, 27, 27, 1, 2.57%, 0, 0, 2, 71.19
1738300910, 0, 0, 28, 28, 1, 2.57%, 0, 0, 2, 72.09
1738300946, 0, 0, 29, 29, 1, 2.57%, 0, 0, 2, 71.37
1738300951, 0, 0, 33, 33, 1, 2.58%, 0, 0, 2, 67.41
1738300972, 0, 0, 34, 34, 1, 2.58%, 0, 0, 2, 67.54
1738301034, 0, 0, 35, 35, 1, 2.59%, 0, 0, 2, 71.95
1738301049, 0, 0, 36, 36, 1, 2.59%, 0, 0, 2, 68.89
1738301075, 0, 0, 37, 37, 1, 2.59%, 0, 0, 2, 65.84
1738301080, 0, 1, 37, 36, 11, 2.59%, 0, 0, 2, 70.18
1738301229, 0, 1, 38, 37, 11, 2.59%, 0, 0, 3, 72.06
1738301234, 0, 1, 39, 38, 11, 2.59%, 0, 0, 3, 72.11
1738301255, 0, 3, 39, 37, 10, 2.59%, 0, 0, 3, 71.37
1738301407, 0, 7, 39, 36, 9, 2.59%, 0, 0, 3, 71.26
1738301557, 0, 10, 39, 35, 8, 2.59%, 0, 0, 3, 69.73
1738301567, 0, 14, 39, 34, 7, 2.59%, 0, 0, 3, 68.12
1738301577, 0, 18, 39, 33, 6, 2.59%, 0, 0, 3, 71.23
1738301598, 0, 21, 39, 32, 5, 2.59%, 0, 0, 3, 71.38
1738301618, 0, 21, 40, 33, 5, 2.59%, 0, 0, 3, 69.75
1738301629, 0, 31, 40, 32, 4, 2.59%, 0, 0, 3, 69.68
1738301782, 0, 34, 40, 31, 3, 2.59%, 0, 0, 3, 70.99
1738301792, 0, 35, 40, 30, 2, 2.59%, 0, 0, 3, 70.42
1738301817, 0, 36, 40, 29, 1, 2.59%, 0, 0, 3, 71.15
1738301828, 0, 36, 42, 31, 1, 2.59%, 0, 0, 3, 71.13
1738301843, 0, 36, 43, 32, 1, 2.59%, 0, 0, 3, 70.37
1738301909, 0, 36, 44, 33, 1, 2.59%, 0, 0, 3, 66.77
1738301940, 0, 36, 45, 34, 1, 2.59%, 0, 0, 3, 65.66
1738301980, 0, 36, 46, 35, 1, 2.59%, 0, 0, 3, 62.67
1738301991, 0, 36, 48, 37, 1, 2.59%, 0, 0, 3, 64.19
1738302006, 0, 36, 49, 38, 1, 2.59%, 0, 0, 3, 69.57
1738302046, 0, 41, 49, 37, 2, 2.59%, 0, 0, 3, 68.14
1738302220, 0, 42, 49, 36, 1, 2.59%, 0, 0, 3, 71.54
1738302384, 1, 1, 49, 35, 0, 2.59%, 0, 0, 3, 68.46
1738302389, 1, 2, 49, 35, 0, 2.59%, 0, 0, 3, 69.35
1738302541, 1, 2, 50, 36, 0, 2.59%, 0, 0, 3, 70.56
1738302552, 1, 10, 50, 35, 0, 2.59%, 0, 0, 3, 70.39
1738302557, 1, 11, 50, 35, 0, 2.59%, 0, 0, 3, 71.21
1738302578, 1, 13, 50, 34, 0, 2.59%, 0, 0, 3, 71.29
