# unix_time, cycles_done, cur_path, paths_total, pending_total, pending_favs, map_size, unique_crashes, unique_hangs, max_depth, execs_per_sec
1738380337, 0, 0, 18, 18, 4, 1.69%, 0, 0, 1, 68.09
1738380342, 0, 2, 27, 27, 4, 1.70%, 0, 0, 2, 69.68
1738380347, 0, 2, 29, 29, 4, 1.73%, 0, 0, 2, 70.08
1738380358, 0, 2, 31, 31, 4, 1.73%, 0, 0, 2, 70.24
1738380368, 0, 2, 37, 37, 4, 3.49%, 0, 0, 2, 69.71
1738380373, 0, 2, 43, 43, 4, 3.49%, 0, 0, 2, 69.46
1738380378, 0, 2, 47, 47, 4, 3.49%, 0, 0, 2, 70.61
1738380388, 0, 2, 49, 49, 4, 3.49%, 0, 0, 2, 70.49
1738380393, 0, 2, 50, 50, 4, 3.50%, 0, 0, 2, 70.57
1738380398, 0, 2, 51, 51, 4, 3.50%, 0, 0, 2, 70.16
1738380408, 0, 2, 52, 52, 4, 3.50%, 0, 0, 2, 69.50
1738380423, 0, 2, 53, 53, 4, 3.50%, 0, 0, 2, 70.25
1738380439, 0, 2, 54, 54, 4, 3.50%, 0, 0, 2, 69.81
1738380545, 0, 2, 55, 55, 4, 3.50%, 0, 0, 2, 70.05
1738380605, 0, 20, 55, 54, 8, 3.50%, 0, 0, 2, 70.09
1738380636, 0, 26, 55, 53, 7, 3.50%, 0, 0, 2, 70.05
1738380667, 0, 26, 56, 54, 7, 3.50%, 0, 0, 3, 69.81
1738380677, 0, 28, 56, 53, 8, 3.50%, 0, 0, 3, 71.08
1738380697, 0, 32, 56, 52, 7, 3.50%, 0, 0, 3, 69.97
1738380707, 0, 34, 56, 51, 6, 3.50%, 0, 0, 3, 67.55
1738380718, 0, 47, 56, 50, 5, 3.50%, 0, 0, 3, 68.46
1738380728, 0, 47, 57, 51, 5, 3.50%, 0, 0, 3, 71.27
1738380733, 0, 47, 58, 52, 5, 3.50%, 0, 0, 3, 70.87
1738380794, 0, 47, 59, 53, 5, 3.50%, 0, 0, 3, 69.30
1738380865, 0, 47, 62, 56, 5, 3.50%, 0, 0, 3, 69.97
1738380870, 0, 47, 65, 59, 5, 3.50%, 0, 0, 3, 69.98
1738380875, 0, 47, 66, 60, 5, 3.50%, 0, 0, 3, 68.15
1738380886, 0, 47, 67, 61, 5, 3.50%, 0, 0, 3, 69.73
1738380906, 0, 47, 68, 62, 5, 3.50%, 0, 0, 3, 69.72
1738381086, 0, 47, 69, 63, 5, 3.50%, 0, 0, 3, 69.73
1738381102, 0, 49, 69, 62, 6, 3.50%, 0, 0, 3, 70.29
1738381112, 0, 50, 69, 61, 5, 3.50%, 0, 0, 3, 70.28
1738381137, 0, 52, 69, 60, 4, 3.50%, 0, 0, 3, 69.86
1738381168, 0, 56, 69, 59, 3, 3.50%, 0, 0, 3, 69.79
1738381325, 0, 57, 69, 58, 2, 3.50%, 0, 0, 3, 69.11
1738381476, 0, 58, 69, 57, 1, 3.50%, 0, 0, 3, 69.57
1738381634, 1, 1, 69, 56, 0, 3.50%, 0, 0, 3, 69.93
