# unix_time, cycles_done, cur_path, paths_total, pending_total, pending_favs, map_size, unique_crashes, unique_hangs, max_depth, execs_per_sec
1738467793, 0, 0, 36, 36, 4, 1.69%, 0, 0, 1, 67.45
1738467798, 0, 4, 45, 45, 4, 1.70%, 0, 0, 2, 69.10
1738467803, 0, 4, 47, 47, 4, 1.73%, 0, 0, 2, 70.02
1738467813, 0, 4, 49, 49, 4, 1.73%, 0, 0, 2, 69.51
1738467829, 0, 4, 50, 50, 4, 1.73%, 0, 0, 2, 69.62
1738467839, 0, 4, 56, 56, 4, 3.48%, 0, 0, 2, 68.90
1738467844, 0, 4, 59, 59, 4, 3.49%, 0, 0, 2, 69.47
1738467849, 0, 4, 62, 62, 4, 3.50%, 0, 0, 2, 69.74
1738467854, 0, 4, 63, 63, 4, 3.50%, 0, 0, 2, 69.58
1738467859, 0, 4, 64, 64, 4, 3.50%, 0, 0, 2, 69.59
1738467864, 0, 4, 66, 66, 4, 3.50%, 0, 0, 2, 68.95
1738467869, 0, 4, 68, 68, 4, 3.50%, 0, 0, 2, 69.93
1738467879, 0, 4, 70, 70, 4, 3.50%, 0, 0, 2, 69.79
1738467889, 0, 4, 71, 71, 4, 3.50%, 0, 0, 2, 68.90
1738467920, 0, 4, 72, 72, 4, 3.50%, 0, 0, 2, 69.76
1738467925, 0, 4, 73, 73, 4, 3.50%, 0, 0, 2, 69.70
1738467961, 0, 4, 74, 74, 4, 3.50%, 0, 0, 2, 62.76
1738468084, 0, 38, 74, 73, 12, 3.50%, 0, 0, 2, 68.81
1738468135, 0, 41, 74, 72, 11, 3.50%, 0, 0, 2, 69.20
1738468166, 0, 44, 74, 71, 10, 3.50%, 0, 0, 2, 68.62
1738468217, 0, 46, 74, 70, 9, 3.50%, 0, 0, 2, 69.13
1738468248, 0, 47, 74, 69, 8, 3.50%, 0, 0, 2, 69.68
1738468283, 0, 50, 74, 68, 7, 3.50%, 0, 0, 2, 65.49
1738468299, 0, 51, 74, 67, 6, 3.50%, 0, 0, 2, 67.23
1738468304, 0, 51, 75, 68, 6, 3.50%, 0, 0, 3, 67.59
1738468314, 0, 56, 75, 67, 5, 3.50%, 0, 0, 3, 69.15
1738468335, 0, 57, 75, 66, 4, 3.50%, 0, 0, 3, 69.39
1738468345, 0, 61, 75, 65, 3, 3.50%, 0, 0, 3, 70.03
1738468360, 0, 63, 75, 64, 2, 3.50%, 0, 0, 3, 69.13
1738468365, 0, 63, 78, 67, 2, 3.50%, 0, 0, 3, 69.15
1738468370, 0, 63, 83, 72, 2, 3.50%, 0, 0, 3, 68.72
1738468513, 0, 63, 84, 73, 2, 3.50%, 0, 0, 3, 69.18
1738468726, 0, 63, 86, 75, 2, 3.50%, 0, 0, 3, 69.40
1738468736, 0, 63, 87, 76, 2, 3.50%, 0, 0, 3, 69.46
1738468746, 0, 63, 88, 77, 2, 3.50%, 0, 0, 3, 69.48
1738468771, 0, 63, 89, 78, 2, 3.50%, 0, 0, 3, 69.44
1738468837, 0, 63, 90, 79, 2, 3.50%, 0, 0, 3, 68.67
1738468960, 0, 64, 90, 78, 2, 3.50%, 0, 0, 3, 69.13
1738469010, 0, 82, 90, 77, 1, 3.50%, 0, 0, 3, 69.19
