# unix_time, cycles_done, cur_path, paths_total, pending_total, pending_favs, map_size, unique_crashes, unique_hangs, max_depth, execs_per_sec
1738454579, 0, 0, 20, 20, 4, 1.67%, 0, 0, 1, 68.35
1738454584, 0, 2, 33, 33, 4, 1.71%, 0, 0, 2, 69.71
1738454589, 0, 2, 38, 38, 4, 3.45%, 0, 0, 2, 69.94
1738454594, 0, 2, 39, 39, 4, 3.45%, 0, 0, 2, 70.90
1738454604, 0, 2, 40, 40, 4, 3.45%, 0, 0, 2, 70.05
1738454609, 0, 2, 42, 42, 4, 3.47%, 0, 0, 2, 70.92
1738454614, 0, 2, 43, 43, 4, 3.47%, 0, 0, 2, 70.83
1738454634, 0, 2, 44, 44, 4, 3.47%, 0, 0, 2, 71.49
1738454644, 0, 3, 45, 44, 7, 3.47%, 0, 0, 2, 69.77
1738454649, 0, 3, 47, 46, 7, 3.48%, 0, 0, 2, 70.06
1738454655, 0, 3, 48, 47, 7, 3.48%, 0, 0, 2, 70.21
1738454670, 0, 3, 50, 49, 7, 3.48%, 0, 0, 2, 70.37
1738454675, 0, 3, 51, 50, 7, 3.48%, 0, 0, 2, 70.29
1738454695, 0, 3, 52, 51, 7, 3.48%, 0, 0, 2, 70.43
1738454710, 0, 22, 52, 50, 9, 3.48%, 0, 0, 2, 70.60
1738454715, 0, 32, 52, 47, 6, 3.48%, 0, 0, 2, 70.11
1738454720, 0, 32, 54, 49, 6, 3.49%, 0, 0, 3, 70.59
1738454725, 0, 34, 55, 49, 7, 3.49%, 0, 0, 3, 66.20
1738454730, 0, 40, 55, 48, 6, 3.49%, 0, 0, 3, 69.21
1738454735, 0, 46, 55, 47, 5, 3.49%, 0, 0, 3, 70.15
1738454740, 0, 47, 55, 46, 4, 3.49%, 0, 0, 3, 70.28
1738454746, 0, 48, 55, 45, 3, 3.49%, 0, 0, 3, 70.60
1738454751, 0, 53, 55, 44, 2, 3.49%, 0, 0, 3, 70.54
1738454756, 1, 20, 55, 43, 1, 3.49%, 0, 0, 3, 70.52
1738454761, 1, 22, 55, 42, 0, 3.49%, 0, 0, 3, 70.55
1738454766, 1, 31, 55, 42, 0, 3.49%, 0, 0, 3, 70.35
1738454771, 1, 36, 55, 42, 0, 3.49%, 0, 0, 3, 69.81
1738454776, 1, 40, 55, 41, 0, 3.49%, 0, 0, 3, 70.54
1738454781, 1, 41, 55, 41, 0, 3.49%, 0, 0, 3, 67.85
1738454786, 1, 43, 55, 40, 0, 3.49%, 0, 0, 3, 69.16
1738454791, 1, 46, 55, 39, 0, 3.49%, 0, 0, 3, 69.39
1738454796, 1, 47, 55, 39, 0, 3.49%, 0, 0, 3, 70.46
1738454801, 1, 48, 55, 39, 0, 3.49%, 0, 0, 3, 70.04
1738454806, 1, 53, 55, 39, 0, 3.49%, 0, 0, 3, 70.30
1738454811, 2, 1, 55, 39, 0, 3.49%, 0, 0, 3, 70.00
1738454816, 2, 5, 55, 38, 0, 3.49%, 0, 0, 3, 69.51
1738454821, 2, 8, 56, 38, 0, 3.49%, 0, 0, 3, 69.83
1738454831, 2, 9, 56, 37, 0, 3.49%, 0, 0, 3, 70.65
1738454837, 2, 10, 56, 36, 0, 3.49%, 0, 0, 3, 70.69
1738454842, 2, 12, 56, 35, 0, 3.49%, 0, 0, 3, 70.84
1738454847, 2, 15, 56, 34, 0, 3.49%, 0, 0, 3, 71.11
1738454852, 2, 20, 56, 33, 0, 3.49%, 0, 0, 3, 70.80
1738454857, 2, 22, 56, 33, 0, 3.49%, 0, 0, 3, 70.64
1738454862, 2, 23, 56, 33, 0, 3.49%, 0, 0, 3, 71.01
1738454867, 2, 31, 56, 32, 0, 3.49%, 0, 0, 3, 70.94
1738454872, 2, 35, 56, 32, 0, 3.49%, 0, 0, 3, 70.13
1738454877, 2, 40, 56, 31, 0, 3.49%, 0, 0, 3, 70.92
1738454882, 2, 46, 56, 31, 0, 3.49%, 0, 0, 3, 70.88
1738454887, 2, 47, 56, 31, 0, 3.49%, 0, 0, 3, 70.68
1738454892, 2, 48, 56, 31, 0, 3.49%, 0, 0, 3, 70.73
1738454897, 2, 49, 56, 31, 0, 3.49%, 0, 0, 3, 69.72
1738454902, 2, 53, 56, 30, 0, 3.49%, 0, 0, 3, 69.99
1738454907, 3, 14, 56, 30, 0, 3.49%, 0, 0, 3, 70.21
1738454912, 3, 22, 57, 30, 0, 3.49%, 0, 0, 3, 70.62
1738454917, 3, 23, 57, 30, 0, 3.49%, 0, 0, 3, 70.64
1738454922, 3, 26, 57, 30, 0, 3.49%, 0, 0, 3, 70.36
1738454927, 3, 28, 57, 30, 0, 3.49%, 0, 0, 3, 70.28
1738454933, 3, 34, 57, 29, 0, 3.49%, 0, 0, 3, 67.16
1738454938, 3, 37, 57, 29, 0, 3.49%, 0, 0, 3, 69.64
1738454943, 3, 40, 57, 28, 0, 3.49%, 0, 0, 3, 69.58
1738454948, 3, 45, 57, 28, 0, 3.49%, 0, 0, 3, 69.38
1738454953, 3, 46, 57, 27, 0, 3.49%, 0, 0, 3, 69.50
1738454958, 3, 47, 57, 27, 0, 3.49%, 0, 0, 3, 70.25
1738454963, 3, 48, 57, 27, 0, 3.49%, 0, 0, 3, 70.03
1738454968, 3, 53, 57, 27, 0, 3.49%, 0, 0, 3, 69.40
1738454973, 3, 55, 57, 27, 0, 3.49%, 0, 0, 3, 69.43
1738454983, 4, 0, 57, 26, 0, 3.49%, 0, 0, 3, 70.15
1738454988, 4, 5, 57, 25, 0, 3.49%, 0, 0, 3, 70.66
1738454993, 4, 16, 57, 25, 0, 3.49%, 0, 0, 3, 70.06
1738454999, 4, 22, 57, 24, 0, 3.49%, 0, 0, 3, 68.98
1738455004, 4, 23, 57, 24, 0, 3.49%, 0, 0, 3, 67.72
1738455009, 4, 57, 59, 26, 1, 3.50%, 0, 0, 4, 67.61
1738455014, 4, 57, 60, 27, 1, 3.50%, 0, 0, 4, 69.22
1738455019, 4, 57, 62, 29, 1, 3.51%, 0, 0, 4, 69.17
1738455049, 4, 57, 63, 30, 1, 3.51%, 0, 0, 4, 69.68
1738455085, 4, 58, 63, 29, 3, 3.51%, 0, 0, 4, 70.13
1738455120, 4, 61, 63, 28, 2, 3.51%, 0, 0, 4, 70.37
1738455161, 4, 61, 64, 29, 2, 3.51%, 0, 0, 5, 69.81
1738455166, 4, 62, 65, 29, 2, 3.51%, 0, 0, 5, 69.37
1738455181, 4, 62, 67, 31, 2, 3.51%, 0, 0, 5, 70.05
1738455186, 4, 62, 74, 38, 2, 3.52%, 0, 0, 5, 70.30
1738455191, 4, 62, 75, 39, 2, 3.52%, 0, 0, 5, 70.10
1738455196, 4, 62, 77, 41, 2, 3.52%, 0, 0, 5, 69.99
1738455206, 4, 62, 78, 42, 2, 3.52%, 0, 0, 5, 70.02
1738455217, 4, 62, 79, 43, 2, 3.52%, 0, 0, 5, 68.34
1738455222, 4, 62, 82, 46, 2, 3.52%, 0, 0, 5, 69.58
1738455227, 4, 62, 83, 47, 2, 3.52%, 0, 0, 5, 68.86
1738455258, 4, 68, 83, 46, 4, 3.52%, 0, 0, 5, 67.90
1738455273, 4, 68, 85, 48, 4, 3.52%, 0, 0, 6, 68.76
1738455278, 4, 68, 86, 49, 4, 3.52%, 0, 0, 6, 69.13
1738455293, 4, 68, 87, 50, 4, 3.52%, 0, 0, 6, 69.21
1738455298, 4, 68, 88, 51, 4, 3.52%, 0, 0, 6, 69.35
1738455313, 4, 68, 89, 52, 4, 3.52%, 0, 0, 6, 68.81
1738455319, 4, 68, 90, 53, 4, 3.52%, 0, 0, 6, 68.93
1738455339, 4, 68, 91, 54, 4, 3.52%, 0, 0, 6, 70.21
1738455349, 4, 68, 92, 55, 4, 3.52%, 0, 0, 6, 69.90
1738455364, 4, 69, 92, 54, 3, 3.52%, 0, 0, 6, 70.11
1738455369, 4, 69, 94, 56, 3, 3.53%, 0, 0, 6, 70.26
1738455451, 4, 71, 94, 55, 4, 3.53%, 0, 0, 6, 67.99
1738455497, 4, 78, 94, 54, 3, 3.53%, 0, 0, 6, 68.44
1738455507, 4, 78, 95, 55, 3, 3.53%, 0, 0, 6, 69.68
1738455559, 4, 92, 95, 54, 2, 3.53%, 0, 0, 6, 70.16
1738455600, 4, 93, 95, 53, 1, 3.53%, 0, 0, 6, 69.05
1738455641, 5, 7, 95, 52, 0, 3.53%, 0, 0, 6, 69.28
1738455646, 5, 9, 96, 52, 0, 3.53%, 0, 0, 6, 68.04
1738455656, 5, 22, 96, 51, 0, 3.53%, 0, 0, 6, 68.98
1738455661, 5, 27, 96, 51, 0, 3.53%, 0, 0, 6, 68.64
1738455666, 5, 31, 96, 50, 0, 3.53%, 0, 0, 6, 69.19
1738455671, 5, 33, 96, 50, 0, 3.53%, 0, 0, 6, 68.75
1738455677, 5, 46, 96, 49, 0, 3.53%, 0, 0, 6, 66.46
1738455682, 5, 46, 97, 50, 0, 3.53%, 0, 0, 6, 68.28
1738455687, 5, 47, 97, 50, 0, 3.53%, 0, 0, 6, 68.36
1738455692, 5, 50, 97, 50, 0, 3.53%, 0, 0, 6, 66.47
1738455697, 5, 51, 97, 49, 0, 3.53%, 0, 0, 6, 67.55
1738455702, 5, 52, 97, 48, 0, 3.53%, 0, 0, 6, 66.70
1738455707, 5, 53, 97, 47, 0, 3.53%, 0, 0, 6, 64.02
1738455712, 5, 56, 97, 47, 0, 3.53%, 0, 0, 6, 67.63
1738455723, 5, 57, 97, 46, 0, 3.53%, 0, 0, 6, 68.60
1738455728, 5, 58, 97, 46, 0, 3.53%, 0, 0, 6, 69.76
1738455738, 5, 60, 97, 46, 0, 3.53%, 0, 0, 6, 70.40
1738455769, 5, 60, 98, 47, 0, 3.53%, 0, 0, 6, 69.32
1738455784, 5, 61, 98, 46, 0, 3.53%, 0, 0, 6, 69.99
1738455794, 5, 62, 98, 46, 0, 3.53%, 0, 0, 6, 70.08
1738455805, 5, 63, 98, 46, 0, 3.53%, 0, 0, 6, 68.12
1738455846, 5, 68, 98, 45, 0, 3.53%, 0, 0, 6, 68.73
1738455856, 5, 69, 98, 45, 0, 3.53%, 0, 0, 6, 68.77
1738455866, 5, 71, 98, 45, 0, 3.53%, 0, 0, 6, 69.95
1738455881, 5, 72, 98, 45, 0, 3.53%, 0, 0, 6, 68.91
1738455892, 5, 72, 99, 46, 0, 3.54%, 0, 0, 6, 68.75
1738455938, 5, 98, 99, 45, 1, 3.54%, 0, 0, 6, 67.87
1738455994, 6, 2, 99, 44, 0, 3.54%, 0, 0, 6, 69.62
1738455999, 6, 12, 99, 44, 0, 3.54%, 0, 0, 6, 70.04
1738456004, 6, 26, 99, 44, 0, 3.54%, 0, 0, 6, 69.90
1738456009, 6, 28, 99, 44, 0, 3.54%, 0, 0, 6, 69.58
1738456014, 6, 29, 99, 44, 0, 3.54%, 0, 0, 6, 66.53
1738456019, 6, 34, 99, 43, 0, 3.54%, 0, 0, 6, 65.53
1738456024, 6, 39, 99, 43, 0, 3.54%, 0, 0, 6, 68.44
1738456030, 6, 44, 99, 42, 0, 3.54%, 0, 0, 6, 66.65
1738456035, 6, 46, 99, 41, 0, 3.54%, 0, 0, 6, 64.95
1738456040, 6, 47, 99, 41, 0, 3.54%, 0, 0, 6, 66.71
1738456045, 6, 53, 99, 41, 0, 3.54%, 0, 0, 6, 66.97
1738456050, 6, 57, 99, 41, 0, 3.54%, 0, 0, 6, 67.31
1738456055, 6, 58, 99, 41, 0, 3.54%, 0, 0, 6, 68.15
1738456066, 6, 61, 99, 41, 0, 3.54%, 0, 0, 6, 67.58
1738456076, 6, 62, 99, 41, 0, 3.54%, 0, 0, 6, 69.29
1738456086, 6, 67, 99, 41, 0, 3.54%, 0, 0, 6, 69.98
1738456132, 6, 68, 99, 40, 0, 3.54%, 0, 0, 6, 67.48
1738456142, 6, 69, 99, 40, 0, 3.54%, 0, 0, 6, 68.43
1738456153, 6, 71, 99, 40, 0, 3.54%, 0, 0, 6, 69.75
1738456163, 6, 75, 99, 40, 0, 3.54%, 0, 0, 6, 67.98
