# unix_time, cycles_done, cur_path, paths_total, pending_total, pending_favs, map_size, unique_crashes, unique_hangs, max_depth, execs_per_sec
1738391390, 0, 0, 20, 20, 4, 1.36%, 0, 0, 1, 73.60
1738391396, 0, 2, 22, 22, 4, 1.37%, 0, 0, 2, 76.65
1738391401, 0, 2, 24, 24, 4, 1.37%, 0, 0, 2, 77.61
1738391406, 0, 2, 26, 26, 4, 1.37%, 0, 0, 2, 77.80
1738391416, 0, 2, 27, 27, 4, 1.38%, 0, 0, 2, 77.83
1738391493, 0, 2, 28, 28, 4, 1.38%, 0, 0, 2, 74.63
1738391566, 0, 2, 30, 30, 4, 1.38%, 0, 0, 2, 77.03
1738391602, 0, 2, 33, 33, 4, 1.40%, 0, 0, 2, 76.70
1738391607, 0, 2, 37, 37, 4, 1.43%, 0, 0, 2, 76.37
1738391612, 0, 2, 44, 44, 4, 1.43%, 0, 0, 2, 76.47
1738391618, 0, 2, 45, 45, 4, 1.43%, 0, 0, 2, 76.50
1738391623, 0, 2, 46, 46, 4, 1.43%, 0, 0, 2, 76.76
1738391628, 0, 2, 47, 47, 4, 1.43%, 0, 0, 2, 76.39
1738391633, 0, 2, 48, 48, 4, 2.55%, 0, 0, 2, 75.72
1738391648, 0, 2, 49, 49, 4, 2.55%, 0, 0, 2, 76.59
1738391659, 0, 2, 50, 50, 4, 2.55%, 0, 0, 2, 76.52
1738391684, 0, 2, 51, 51, 4, 2.55%, 0, 0, 2, 76.21
1738391690, 0, 2, 52, 52, 4, 2.55%, 0, 0, 2, 76.45
1738391705, 0, 2, 53, 53, 4, 2.55%, 0, 0, 2, 76.28
1738391726, 0, 2, 54, 54, 4, 2.55%, 0, 0, 2, 76.71
1738391772, 0, 2, 55, 55, 4, 2.55%, 0, 0, 2, 76.55
1738391819, 0, 22, 55, 54, 10, 2.55%, 0, 0, 2, 74.63
1738392043, 0, 26, 55, 53, 9, 2.55%, 0, 0, 2, 70.93
1738392270, 0, 31, 55, 52, 8, 2.55%, 0, 0, 2, 75.06
1738392280, 0, 32, 55, 51, 7, 2.55%, 0, 0, 2, 76.11
1738392285, 0, 32, 56, 52, 7, 2.55%, 0, 0, 3, 76.05
1738392296, 0, 34, 56, 51, 6, 2.55%, 0, 0, 3, 76.51
1738392306, 0, 38, 56, 50, 5, 2.55%, 0, 0, 3, 77.16
1738392337, 0, 44, 56, 49, 4, 2.55%, 0, 0, 3, 72.41
1738392352, 0, 44, 57, 50, 4, 2.55%, 0, 0, 3, 74.05
1738392368, 0, 47, 57, 49, 3, 2.55%, 0, 0, 3, 69.48
1738392378, 0, 47, 58, 50, 3, 2.55%, 0, 0, 3, 69.79
1738392388, 0, 48, 58, 49, 2, 2.55%, 0, 0, 3, 74.16
1738392424, 0, 53, 58, 48, 1, 2.55%, 0, 0, 3, 78.56
1738392455, 1, 0, 58, 47, 0, 2.55%, 0, 0, 3, 75.60
1738392679, 1, 1, 58, 46, 0, 2.55%, 0, 0, 3, 73.61
1738392704, 1, 1, 59, 47, 0, 2.55%, 0, 0, 3, 73.11
1738392715, 1, 39, 59, 46, 1, 2.55%, 0, 0, 3, 74.40
1738392782, 1, 39, 60, 47, 1, 2.55%, 0, 0, 3, 75.40
1738392787, 1, 39, 61, 48, 1, 2.55%, 0, 0, 3, 75.87
1738392797, 1, 39, 62, 49, 1, 2.55%, 0, 0, 3, 73.46
1738392808, 1, 39, 63, 50, 1, 2.55%, 0, 0, 3, 75.10
1738392823, 1, 39, 65, 52, 1, 2.55%, 0, 0, 3, 73.88
1738392828, 1, 39, 66, 53, 1, 2.55%, 0, 0, 3, 72.30
